1000100101101001101001010111000111011010110101011001001000001100 00000000000000000000000000000000000000000000000000000000000000000000000000000000
1000100101101001101001010111000111011010110101011001001000001100 00000001100000000110000000000100100000000010000000000100000010010000000000000000
0001010100010100110010010001000110011110000000000001110101101011 00000001000000010000000000000000000000000000000000000000000000000000000000000000
1000100000010000100000000000000000000000000000000000000000000000 11001100000110001100000000000000000000000000000000000000000000000000000000000000
1001100011001100011001100011001100010000000000000000000000000000 00000000000000000000000000000000000000000000000000000000000000010011000100000000
1011001110101011010110101101010110011111100111110111110011111100 00000110000000000000000110000000000000000000000000000000000000000000000000000000
0011001111110010010001010110110100001010111100111100010011111100 00000000000000110000000000000000000000000000000000110000000000000000000000000000
1000100101101001101001010111000111011010110101011001001000001100 10001000000110000000000100100000000011111000000000010000001001000000011000000000
0000000000000000000000100010000100000000000000000000000000000000 10000010000010001000000000000000000000000000000000000000000000010000010000010001
1000000000000000010000000000000000000000000000000000000000000000 11000000000000001100000000000000000000000000000000000000000000000000000000000000
